0.5244400265622015
0.5266182550127201
0.5264832648675943
0.5263611718734822
0.5262589451551327
0.5261666658998473
0.5260797467985272
0.5259960240466582
0.5259144143633775
0.5258343434830683
0.5257554916230851
0.5256776734882582
0.5256007782426443
0.5255247377714273
0.525449509099737
0.5253750642962264
0.5253013845215508
0.5252284564561611
0.5251562701301101
0.525084817594231
0.5250140921025915
0.524944087608287
0.5248747984523893
0.5248062191724514
0.5247383443852319
0.5246711687155887
0.5246046867541388
0.5245388930328567
0.5244737820118599
0.5244093480731715
0.5243455855188198
0.5242824885716275
0.5242200513776497
0.5241582680096158
0.5240971324709598
0.5240366387001836
0.5239767805753893
0.5239175519188766
0.5238589465017385
0.5238009580484172
0.5237435802411878
0.5236868067245586
0.5236306311095712
0.5235750469779995
0.5235200478864379
0.5234656273702787
0.5234117789475773
0.5233584961228027
0.5233057723904746
0.5232536012386861
0.5232019761525133
0.5231508906173112
0.5231003381218984
0.5230503121616297
0.5230008062413585
0.5229518138782914
0.5229033286047329
0.5228553439707253
0.522807853546583
0.522760850925323
0.5227143297249939
0.5226682835909036
0.5226227061977491
0.522577591251649
0.5225329324920801
0.5224887236937209
0.5224449586682028
0.5224016312657723
0.5223587353768636
0.5223162649335864
0.5222742139111277
0.5222325763290727
0.522191346252644
0.5221505177938622
0.52211008511263
0.5220700424177415
0.5220303839678174
0.5219911040721711
0.5219521970916031
0.5219136574391308
0.5218754795806504
0.5218376580355362
0.5218001873771793
0.5217630622334641
0.5217262772871889
0.5216898272764284
0.5216537069948435
0.5216179112919362
0.5215824350732562
0.521547273300555
0.5215124209918954
0.5214778732217132
0.5214436251208348
0.5214096718764525
0.5213760087320587
0.5213426309873402
0.5213095339980343
0.5212767131757483
0.5212441639877451
0.5212118819566929
0.5211798626603845
0.5211481017314247
0.5211165948568883
0.5210853377779501
0.5210543262894873
0.5210235562396567
0.5209930235294468
0.5209627241122067
0.5209326539931532
0.5209028092288557
0.520873185926702
0.5208437802443443
0.5208145883891279
0.5207856066175022
0.5207568312344156
0.5207282585926964
0.5206998850924176
0.5206717071802489
0.5206437213487969
0.5206159241359329
0.5205883121241088
0.520560881939664
0.5205336302521221
0.520506553773478
0.5204796492574778
0.5204529134988904
0.5204263433327719
0.5203999356337234
0.5203736873151432
0.5203475953284734
0.5203216566624407
0.5202958683422939
0.5202702274290361
0.5202447310186536
0.5202193762413422
0.5201941602607285
0.5201690802730907
0.5201441335065762
0.5201193172204162
0.5200946287041401
0.5200700652767876
0.5200456242861188
0.5200213031078244
0.5199970991447339
0.5199730098260241
0.5199490326064259
0.5199251649654307
0.5199014044064975
0.5198777484562579
0.519854194663723
0.5198307405994874
0.519807383854936
0.5197841220414482
0.519760952789603
0.5197378737483846
0.5197148825843866
0.5196919769810158
0.5196691546376973
0.519646413269078
0.5196237506042296
0.5196011643858515
0.5195786523694728
0.5195562123226538
0.5195338420241862
0.5195115392632913
0.5194893018388195
0.519467127558445
0.519445014237862
0.5194229596999764
0.5194009617740967
0.5193790182951229
0.5193571271027314
0.5193352860405589
0.5193134929553811
0.5192917456962899
0.5192700421138654
0.5192483800593454
0.5192267573837887
0.519205171937235
0.5191836215678604
0.5191621041211255
0.5191406174389191
0.5191191593586968
0.5190977277126101
0.5190763203266314
0.519054935019671
0.5190335696026852
0.5190122218777774
0.5189908896372903
0.5189695706628884
0.5189482627246323
0.5189269635800409
0.5189056709731448
0.5188843826335279
0.5188630962753571
0.5188418095964007
0.518820520277033
0.5187992259792263
0.5187779243455289
0.5187566129980291
0.5187352895373023
0.5187139515413455
0.5186925965644918
0.5186712221363119
0.5186498257604933
0.518628404913706
0.5186069570444453
0.518585479571857
0.5185639698845407
0.5185424253393336
0.5185208432600702
0.518499220936321
0.5184775556221061
0.5184558445345855
0.5184340848527239
0.5184122737159286
0.5183904082226615
0.5183684854290226
0.518346502347305
0.5183244559445196
0.5183023431408906
0.5182801608083172
0.5182579057688049
0.518235574792862
0.5182131645978609
0.5181906718463661
0.5181680931444228
0.5181454250398089
0.5181226640202491
0.5180998065115866
0.5180768488759163
0.5180537874096739
0.5180306183416818
0.5180073378311514
0.5179839419656384
0.517960426758951
0.5179367881490113
0.5179130219956647
0.5178891240784402
0.5178650900942583
0.5178409156550845
0.5178165962855291
0.5177921274203896
0.5177675044021375
0.5177427224783436
0.5177177767990453
0.5176926624140511
0.5176673742701825
0.5176419072084509
0.5176162559611692
0.517590415148996
0.5175643792779105
0.5175381427361185
0.5175116997908852
0.5174850445852962
0.517458171134944
0.5174310733245385
0.5174037449044399
0.5173761794871136
0.517348370543505
0.5173203113993332
0.5172919952313013
0.5172634150632237
0.5172345637620672
0.5172054340339078
0.517176018419796
0.517146309291537
0.5171162988473795
0.5170859791076128
0.5170553419100727
0.5170243789055546
0.5169930815531314
0.5169614411153782
0.5169294486535004
0.516897095022366
0.5168643708654407
0.5168312666096261
0.5167977724600004
0.5167638783944597
0.5167295741582624
0.5166948492584746
0.5166596929583169
0.5166240942714135
0.5165880419559422
0.5165515245086882
0.5165145301589998
0.5164770468626478
0.5164390622955896
0.5164005638476384
0.5163615386160394
0.5163219733989529
0.516281854688848
0.5162411686658059
0.5161999011907371
0.5161580377985125
0.5161155636910125
0.5160724637300944
0.5160287224304817
0.5159843239525795
0.5159392520952154
0.5158934902883127
0.5158470215854963
0.5157998286566371
0.5157518937803366
0.5157031988363568
0.5156537252979987
0.5156034542244337
0.5155523662529929
0.5155004415914174
0.5154476600100738
0.5153940008341439
0.5153394429357857
0.5152839647262782
0.5152275441481505
0.5151701586673008
0.5151117852651117
0.5150524004305661
0.514991980152368
0.5149304999110745
0.5148679346712446
0.5148042588736061
0.5147394464272513
0.5146734707018615
0.5146063045199675
0.5145379201492495
0.5144682892948824
0.5143973830919295
0.5143251720977895
0.5142516262847008
0.5141767150323063
0.5141004071202844
0.5140226707210467
0.513943473392509
0.513862782070937
0.5137805630638698
0.5136967820431251
0.5136114040378901
0.5135243934278976
0.5134357139366947
0.5133453286250045
0.5132531998841846
0.5131592894297878
0.513063558295227
0.5129659668255495
0.5128664746713273
0.5127650407826674
0.5126616234033503
0.5125561800651047
0.5124486675820276
0.5123390420451607
0.5122272588172363
0.5121132725276066
0.5119970370673754
0.5118785055847482
0.511757630480628
0.5116343634044782
0.5115086552504857
0.5113804561540543
0.511249715488667
0.5111163818631627
0.5109804031194686
0.5108417263308478
0.5107002978007161
0.5105560630620978
0.5104089668777886
0.5102589532413104
0.5101059653787426
0.5099499457515247
0.5097908360603416
0.5096285772501981
0.5094631095168117
0.5092943723144577
0.5091223043654082
0.508946843671124
0.5087679275253666
0.5085854925294055
0.5083994746095162
0.5082098090369679
0.5080164304507166
0.5078192728830325
0.5076182697882975
0.5074133540752266
0.5072044581427746
0.5069915139200022
0.5067744529101869
0.506553206239472
0.5063277047103587
0.5060978788603525
0.5058636590260819
0.5056249754132134
0.50538175817249
0.5051339374822197
0.5048814436375432
0.504624207146804
0.5043621588353363
0.504095229956981
0.503823352313621
0.5035464583830144
0.5032644814551821
0.5029773557775759
0.502685016709229
0.5023874008840516
0.5020844463833883
0.501776092917917
0.5014622820189037
0.5011429572387773
0.5008180643609161
0.5004875516184699
0.5001513699219565
0.49980947309529444
0.4994618181198323
0.4991083653858461
0.49874907895086584
0.4983839268040907
0.4980128811360332
0.4976359186124228
0.49725302065127636
0.4968641737019261
0.4964693695246744
0.49606860546962667
0.4956618847531384
0.4952492167302028
0.4948306171609996
0.494406108469733
0.49397571999380124
0.4935394882212682
0.493097457014552
0.49264967781820695
0.49219620984865037
0.4917371202636948
0.4912724843097582
0.49080238544468213
0.49032691543415435
0.48984617441983364
0.48936027095739676
0.4888693220228843
0.48837345298589724
0.48787279754839796
0.4873674976481026
0.48685770332569706
0.4863435725553795
0.4858252710385226
0.485302971960543
0.48477685571138407
0.48424710957032774
0.48371392735617613
0.48317750904415546
0.48263806035120715
0.4820957922916283
0.48155092070530436
0.4810036657610405
0.48045425143773346
0.4799029049863392
0.4793498563757652
0.4787953377259681
0.47823958273164047
0.4776828260799509
0.47712530286582805
0.47656724800828487
0.4760088956712317
0.4754504786921546
0.47489222802192077
0.47433437217883084
0.4737771367198618
0.47322074373184464
0.47266541134509693
0.4721113532717856
0.47155877837103743
0.4710078902425426
0.4704588868501172
0.4699119601764097
0.46936729590965004
0.468825073163066
0.46828546422731027
0.46774863435598857
0.46721474158411974
0.466683936579129
0.4661563625237528
0.46563215503003597
0.4651114420834176
0.46459434401574384
0.4640809735059048
0.46357143560667313
0.46306582779622446
0.4625642400527424
0.46206675495045096
0.4615734477753796
0.46108438665914375
0.46059963272901766
0.4601192402725881
0.4596432569152998
0.45917172380923943
0.4587046758315535
0.4582421417909495
0.4577841446407963
0.4573307016974075
0.45688182486217177
0.4564375208462694
0.4559977913968012
0.4555626335232372
0.455132039723181
0.4547059982065265
0.4542844931171735
0.4538675047515451
0.45345500977323505
0.4530469814231884
0.4526433897248919
0.45224420168412616
0.451849381482893
0.45145889066719924
0.4510726883284344
0.4506907312781367
0.45031297421599253
0.44993936989095945
0.44956986925544856
0.4492044216125389
0.4488429747562316
0.4484854751047848
0.44813186782719594
0.4477820969629229
0.44743610553495977
0.4470938356563967
0.4467552286306131
0.446420225045265
0.4460887648602376
0.4457607874897433
0.44543623187875353
0.44511503657395474
0.4447971397894235
0.44448247946721886
0.4441709933330882
0.44386261894748247
0.4435572937520769
0.44325495511198854
0.442955540353878
0.44265898680012267
0.4423652317992378
0.4420742127527228
0.4417858671384996
0.44150013253110876
0.4412169466188162
0.44093624721778624
0.4406579722834604
0.4403820599192835
0.44010844838290447
0.43983707608997924
0.4395678816156917
0.43930080369410496
0.43903578121544684
0.43877275322142945
0.43851165889869387
0.4382524375704665
0.4379950286865077
0.43773937181142697
0.43748540661143304
0.43723307283958257
0.4369823103195857
0.4367330589282202
0.43648525857640375
0.4362388491889657
0.4359937706831573
0.4357499629459349
0.43550736581004473
0.435265919028934
0.435025562250512
0.4347862349897754
0.4345478766003137
0.4343104262447034
0.43407382286379814
0.4338380051449168
0.43360291148893054
0.43336847997624417
0.4331346483316659
0.4329013538881558
0.4326685335494407
0.43243612375148055
0.4322040604227667
0.4319722789434343
0.43174071410316395
0.4315093000578461
0.43127797028498316
0.43104665753779525
0.4308152937980002
0.43058381022723
0.4303521371170486
0.43012020383753075
0.4298879387843601
0.42965526932440423
0.4294221217397195
0.42918842116994
0.4289540915529997
0.42871905556413675
0.42848323455312815
0.42824654847969745
0.4280089158470409
0.4277702536334134
0.427530477221712
0.42728950032699875
0.4270472349218967
0.4268035911597967
0.42655847729580687
0.4263117996053785
0.4260634623005402
0.42581336744366804
0.4255614148587234
0.42530750203988504
0.42505152405750163
0.42479337346129326
0.42453294018072507
0.42427011142248056
0.4240047715649566
0.4237368020497072
0.42346608126975993
0.4231924844547288
0.42291588355265197
0.422636147108478
0.4223531401391299
0.42206672400507717
0.42177675627834504
0.421483090606898
0.4211855765753332
0.42088405956182545
0.420578380591271
0.42026837618457996
0.41995387820407676
0.4196347136949748
0.41931070472289833
0.4189816682074389
0.4186474157517418
0.41830775346813387
0.4179624817998206
0.41761139533869585
0.41725428263933095
0.41689092602923267
0.4165211014154858
0.4161445780879277
0.4157611185190351
0.4153704781607425
0.41497240523845674
0.41456664054257664
0.41415291721788505
0.41373096055123837
0.4133004877580452
0.4128612077681007
0.4124128210114238
0.4119550192048318
0.4114874851400874
0.4110098924745547
0.41052190552541995
0.4100231790686522
0.40951335814401674
0.4089920778675913
0.4084589632533925
0.40791362904587564
0.40735567956524393
0.4067847085676784
0.4062002991227864
0.40560202351075725
0.4049894431419101
0.40436210850152116
0.4037195591230211
0.40306132359285574
0.4023869195905102
0.4016958539673951
0.40098762286848616
0.40026171190080184
0.39951759635297457
0.3987547414703389
0.3979726027901077
0.3971706265413378
0.39634825011449837
0.39550490260553994
0.3946400054394242
0.3937529730781069
0.3928432138179691
0.39191013068165703
0.39095312240922575
0.3899715845533711
0.38896491068338485
0.38793249370226884
0.38687372728119457
0.3857880074151846
0.38467473410352143
0.3835333131579434
0.3823631581411551
0.38116369243756293
0.3799343514574126
0.3786745849746599
0.37738385959791837
0.3760616613726976
0.3747074985118431
0.373320904249611
0.3719014398131417
0.3704486975032268
0.36896230387419043
0.3674419230004326
0.36588725981471487
0.364298063500631
0.36267413091891926
0.36101531004438514
0.3593215033872613
0.3575926713698935
0.3558288356267955
0.35403008219342774
0.3521965645466325
0.35032850645759395
0.3484262046165845
0.34649003098771913
0.34452043485155365
0.34251794449372697
0.3404831684990305
0.33841679661235313
0.3363196001309258
0.3341924317961921
0.3320362251584449
0.32985199339303556
0.32764082755342544
0.32540389425348265
0.3231424327791091
0.3208577516373589
0.3185512245594881
0.31622428598267655
0.31387842604328825
0.31151518512226317
0.30913614799039907
0.3067429376076627
0.3043372086361372
0.30192064073060076
0.29949493167394553
0.29706179042660885
0.2946229301598553
0.2921800613421284
0.2897348849458166
0.28728908583871604
0.28484432642033847
0.28240224055812485
0.27996442787274095
0.2775324484151215
0.2751078177709591
0.27269200262110027
0.27028641677896487
0.26789241771884115
0.26551130360185476
0.26314431079971634
0.2607926119101308
0.25845731425208823
0.2561394588242335
0.2538400197051598
0.2515599038708348
0.249299951401433
0.24706093604761037
0.24484356612469774
0.24264848570234188
0.24047627605675923
0.23832745735292538
0.23620249052462228
0.23410177932126508
0.2320256724917492
0.22997446607713684
0.22794840578578204
0.22594768942641658
0.22397246937673648
0.2220228550670879
0.22009891546092408
0.2182006815157464
0.21632814861022814
0.2144812789251317
0.21266000376743627
0.21086422582880132
0.2090938213710694
0.20734864233297395
0.20562851835354576
0.20393325870891998
0.20226265416032035
0.2006164787119616
0.19899449127844826
0.19739643726198783
0.19582205004036454
0.1942710523671587
0.19274315768614633
0.19123807136218807
0.18975549183121002
0.18829511167211951
0.18685661860367522
0.18543969640945754
0.18404402579416934
0.18266928517454128
0.181315151408129
0.17998130046327024
0.17866740803343234
0.1773731500991194
0.17609820344043045
0.17484224610327465
0.1736049578221448
0.1723860204022484
0.17118511806367875
0.17000193775019387
0.16883616940505175
0.16768750621623166
0.1665556448332495
0.16544028555766227
0.1643411325092342
0.1632578937696304
0.1621902815053897
0.16113801207182435
0.16010080609939045
0.15907838856397544
0.15807048884245622
0.15707684075478803
0.15609718259380492
0.15513125714382492
0.15417881168908235
0.1532395980129332
0.1523133723887138
0.1513998955630673
0.15049893273249132
0.14961025351380725
0.14873363190919298
0.14786884626637506
0.14701567923452916
0.14617391771639193
0.1453433528170511
0.14452377978983733
0.14371499797971196
0.14291681076450777
0.14212902549435133
0.14135145342956776
0.14058390967734108
0.13982621312738058
0.13907818638681982
0.1383396557145556
0.13761045095521388
0.13689040547291337
0.136179356084977
0.13547714299573368
0.13478360973053252
0.13409860307007962
0.13342197298520037
0.13275357257211404
0.1320932579882993
0.13144088838902232
0.130796325864587
0.13015943537836255
0.12953008470563382
0.128908144373316
0.12829348760056664
0.12768599024032604
0.12708553072180784
0.1264919899939622
0.12590525146992426
0.12532520097246327
0.12475172668043794
0.12418471907626655
0.12362407089441245
0.12306967707088722
0.12252143469376889
0.12197924295473211
0.12144300310158551
0.1209126183918062
0.12038799404706814
0.11986903720875093
0.11935565689441856
0.11884776395525917
0.11834527103446987
0.11784809252657667
0.11735614453767272
0.11686934484656318
0.11638761286679962
0.11591086960959113
0.11543903764757418
0.11497204107942767
0.1145098054953164
0.11405225794314659
0.11359932689561833
0.11315094221805821
0.11270703513701669
0.11226753820961297
0.11183238529361297
0.11140151151822351
0.11097485325558709
0.11055234809296202
0.11013393480557225
0.10971955333011174
0.10930914473888785
0.10890265121458999
0.10850001602566783
0.10810118350230485
0.10770609901297394
0.10731470894155987
0.10692696066503592
0.1065428025316809
0.10616218383982325
0.10578505481709967
0.10541136660021524
0.105041071215193
0.10467412155810077
0.10431047137624294
0.1039500752498065
0.10359288857394908
0.10323886754131802
0.102887969124991
0.1025401510618246
0.10219537183620439
0.10185359066418279
0.10151476747799763
0.10117886291095991
0.1008458382827021
0.1005156555847786
0.1001882774666074
0.09986366722174637
0.099541788774495
0.09922260666681158
0.09890608604554126
0.09859219264994387
0.09828089279951502
0.09797215338209403
0.09766594184224944
0.09736222616993655
0.09706097488942002
0.09676215704845285
0.09646574220770879
0.09617170043045763
0.09588000227248082
0.09559061877221901
0.09530352144114641
0.09501868225436662
0.09473607364142335
0.09445566847732174
0.09417744007375387
0.09390136217052492
0.09362740892717225
0.09335555491477589
0.0930857751079528
0.09281804487703157
0.0925523399804039
0.09228863655704611
0.092026911119209
0.09176714054526972
0.09150930207274317
0.09125337329144866
0.09099933213682679
0.0907471568834047
0.09049682613840448
0.09024831883549264
0.09000161422866532
0.08975669188626785
0.0895135316851442
0.08927211380491329
0.08903241872236983
0.0887944272060052
0.08855812031064693
0.08832347937221344
0.08809048600258028
0.08785912208455748
0.08762936976697187
0.08740121145985598
0.08717462982973752
0.08694960779502833
0.0867261285215117
0.0865041754179229
0.08628373213162324
0.08606478254436453
0.0858473107681414
0.08563130114112992
0.08541673822371026
0.085203606794572
0.08499189184689884
0.08478157858463253
0.0845726524188127
0.08436509896399189
0.0841589040347232
0.08395405364211976
0.08375053399048354
0.08354833147400195
0.08334743267351252
0.08314782435332994
0.08294949345813911
0.08275242710994903
0.08255661260510742
0.08236203741137504
0.08216868916505767
0.08197655566819421
0.08178562488580168
0.0815958849431726
0.0814073241232263
0.0812199308639115
0.08103369375565989
0.08084860153888876
0.08066464310155241
0.0804818074767399
0.0803000838403207
0.0801194615086335
0.07993992993622111
0.07976147871360754
0.07958409756511774
0.07940777634673853
0.07923250504402042
0.07905827377001876
0.07888507276327336
0.07871289238582695
0.07854172312127967
0.07837155557288066
0.07820238046165486
0.07803418862456452
0.07786697101270483
0.07770071868953327
0.07753542282913094
0.07737107471449556
0.07720766573586747
0.07704518738908363
0.07688363127396387
0.07672298909272508
0.07656325264842452
0.07640441384343152
0.07624646467792634
0.07608939724842594
0.07593320374633664
0.07577787645653213
0.07562340775595705
0.07546979011225531
0.07531701608242282
0.0751650783114839
0.07501396953119106
0.07486368255874769
0.07471421029555311
0.07456554572596928
0.07441768191610969
0.07427061201264828
0.0741243292416507
0.07397882690742312
0.07383409839138395
0.07369013715095257
0.0735469367184585
0.07340449070006848
0.07326279277473234
0.07312183669314648
0.07298161627673527
0.07284212541664939
0.07270335807278112
0.07256530827279645
0.07242797011118307
0.07229133774831492
0.07215540540953143
0.07202016738423296
0.07188561802499115
0.07175175174667325
0.07161856302558205
0.07148604639860891
0.07135419646240196
0.07122300787254639
0.07109247534275981
0.07096259364409908
0.07083335760418172
0.07070476210641853
0.07057680208925961
0.07044947254545171
0.0703227685213088
0.07019668511599261
0.0700712174808066
0.0699463608184997
0.06982211038258192
0.06969846147665054
0.06957540945372745
0.0694529497156061
0.06933107771220999
0.06920978894096004
0.06908907894615239
0.06896894331834647
0.06884937769376163
0.06873037775368407
0.06861193922388245
0.06849405787403261
0.0683767295171515
0.06825995000903962
0.06814371524773188
0.06802802117295753
0.06791286376560723
0.06779823904720972
0.06768414307941512
0.06757057196348681
0.06745752183980115
0.06734498888735423
0.06723296932327628
0.0671214594023535
0.06701045541655716
0.0668999536945795
0.06678995060137659
0.06668044253771817
0.06657142593974422
0.06646289727852765
0.06635485305964416
0.06624728982274802
0.0661402041411541
0.06603359262142605
0.06592745190297089
0.06582177865763887
0.06571656958932959
0.06561182143360428
0.06550753095730256
0.06540369495816571
0.06530031026446517
0.06519737373463619
0.06509488225691686
0.06499283274899247
0.06489122215764465
0.06479004745840584
0.06468930565521881
0.06458899378009987
0.06448910889280883
0.06438964808052175
0.06429060845750961
0.06419198716482072
0.06409378136996784
0.06399598826662
0.06389860507429808
0.0638016290380751
0.0637050574282803
0.0636088875402076
0.06351311669382834
0.063417742233507
0.06332276152772234
0.0632281719687909
0.0631339709725951
0.06304015597831536
0.06294672444816493
0.06285367386712887
0.06276100174270706
0.06266870560465977
0.06257678300475704
0.06248523151653199
0.062394048735036636
0.062303232276601395
0.06221277977859776
0.06212268889920424
0.06203295731717538
0.061943582731613864
0.0618545628617454
0.061765895446697076
0.061677578245278204
0.06158960903576446
0.06150198561568455
0.06141470580160973
0.06132776742894647
0.06124116835173093
0.061154906442427576
0.06106897959172879
0.06098338570835827
0.06089812271887655
0.060813188567488866
0.060728581215856066
0.060644298642907546
0.060560338844656246
0.06047669983401687
0.06039337964062615
0.06031037631066465
0.06022768790668204
0.06014531250742382
0.06006324820766038
0.059981493118018515
0.05990004536481444
0.05981890308989005
0.059738064450449706
0.059657527618900454
0.059577290782693575
0.059497352144168215
0.05941770992039694
0.05933836234303332
0.0592593076581613
0.05918054412614673
0.05910207002149041
0.05902388363268269
0.05894598326206088
0.0588683672256674
0.05879103385310994
0.05871398148742383
0.05863720848493524
0.05856071321512695
0.0584844940605051
0.0584085494164678
0.05833287769117533
0.05825747730542208
0.058182346692509504
0.058107484298121306
0.058032888580199816
0.05795855800882352
0.057884491066086514
0.05781068624597958
0.057737142054271905
0.05766385700839474
0.05759082963732676
0.05751805848147992
0.057445542092587384
0.05737327903359261
0.057301267878539425
0.05722950721246401
0.05715799563128738
0.05708673174170976
0.057015714161106026
0.05694494151742214
0.05687441244907331
0.05680412560484243
0.056734079643780806
0.0566642732351094
0.05659470505812085
0.056525373802083764
0.05645627816614697
0.05638741685924556
0.05631878860000766
0.05625039211666251
0.05618222614694925
0.05611428943802763
0.056046580746388006
0.0559790988377645
0.055911842487047565
0.05584481047819811
0.05577800160416258
0.05571141466678922
0.05564504847674443
0.05557890185343149
0.05551297362490848
0.055447262627808795
0.055381767707261186
0.055316487716811615
0.05525142151834553
0.05518656798201098
0.055121925986142996
0.055057494417188324
0.05499327216963126
0.0549292581459201
0.054865451256394734
0.054801850419214794
0.05473845456028852
0.05467526261320267
0.054612273519152967
0.054549486226875395
0.0544868996925782
0.05442451287987475
0.05436232475971696
0.05430033431032964
0.054238540517145196
0.054176942372739435
0.05411553887676795
0.054054329035903015
0.05399331186377126
0.053932486380892236
0.05387185161461713
0.053811406599068586
0.053751150375081144
0.05369108199014203
0.05363120049833264
0.05357150496027089
0.05351199444305416
0.053452668020202335
0.053393524771602016
0.05333456378345122
0.05327578414820441
0.053217184964518195
0.05315876533719764
0.053100524377143486
0.053042461201299206
0.052984574932599206
0.0529268646999168
0.052869329638014426
0.052811968887491914
0.052754781594737676
0.052697766911878365
0.05264092399673073
0.05258425201275311
0.05252775012899729
0.05247141752006118
0.05241525336604212
0.05235925685249049
0.05230342717036336
0.05224776351597945
0.052192265090973834
0.05213693110225347
0.0520817607619533
0.052026753287392064
0.05197190790102963
0.05191722383042387
0.051862700308188465
0.051808336571950844
0.051754131864310826
0.05170008543279923
0.05164619652983766
0.05159246441269776
0.0515388883434616
0.051485467588981974
0.05143220142084364
0.051379089115324336
0.05132612995335641
0.051273323220489254
0.051220668206851144
0.051168164207112704
0.05111581052044941
0.051063606450505665
0.05101155130535833
0.05095964439748102
0.05090788504370895
0.05085627256520334
0.05080480628741723
0.0507534855400607
0.050702309657066964
0.05065127797655864
0.05060038984081419
0.05054964459623522
0.05049904159331318
0.05044858018659729
0.05039825973466231
0.050348079600076596
0.05029803914937069
0.05024813775300597
0.050198374785343926
0.05014874962461535
0.05009926165288996
0.05004991025604637
0.05000069482374261
0.04995161474938607
0.04990266943010476
0.04985385826671809
0.0498051806637084
0.049756636029192405
0.0497082237748931
0.049659943316112086
0.04961179407170144
0.049563775464037
0.04951588691899102
0.04946812786590489
0.04942049773756331
0.04937299597016754
0.04932562200330899
0.04927837527994393
0.04923125524636764
0.04918426135218879
0.049137393050304644
0.04909064979687584
0.04904403105130193
0.048997536276196685
0.04895116493736401
0.048904916503774
0.04885879044753872
0.04881278624388905
0.048766903371151124
0.04872114131072318
0.04867549954705261
0.0486299775676131
0.048584574862882444
0.04853929092631975
0.04849412525434347
0.048449077346309634
0.04840414670448989
0.048359332834049966
0.04831463524302863
0.0482700534423158
0.0482255869456325
0.04818123526950924
0.04813699793326616
0.048092874458991734
0.048048864371523475
0.048004967198427104
0.047961182469976923
0.04791750971913652
0.04787394848153845
0.047830498295465367
0.04778715870183095
0.04774392924416039
0.047700809468572025
0.047657798923758064
0.047614897160966965
0.04757210373398391
0.04752941819911347
0.04748684011516146
0.047444369043416326
0.047402004547632416
0.04735974619401152
0.04731759355118612
0.047275546190201544
0.047233603684499297
0.04719176560989957
0.047150031544584955
0.047108401069083275
0.04706687376625114
0.04702544922125777
0.0469841270215685
0.046942906756928644
0.04690178801934754
0.04686077040308274
0.046819853504624
0.046779036922678235
0.04673832025815358
0.04669770311414407
0.04665718509591456
0.046616765810885856
0.04657644486861946
0.04653622188080272
0.04649609646123434
0.046456068225809666
0.04641613679250623
0.04637630178136982
0.04633656281449918
0.046296919516033305
0.04625737151213633
0.046217918430984446
0.04617855990275156
0.046139295559596075
0.046100125035647206
0.04606104796699136
0.046022063991659326
0.04598317274961272
0.04594437388273071
0.04590566703479782
0.04586705185149014
0.04582852798036305
0.04579009507083861
0.045751752774192654
0.04571350074354285
0.045675338633835764
0.045637266101834946
0.04559928280610897
0.045561388407018635
0.045523582566706085
0.04548586494908183
0.045448235219813816
0.04541069304631535
0.045373238097733665
0.04533587004493831
0.04529858856050985
0.04526139331872866
0.0452242839955634
0.04518726026866028
0.04515032181733172
0.04511346832254565
0.04507669946691429
0.04504001493468398
0.04500341441172371
0.04496689758551537
0.04493046414514244
0.04489411378128009
0.044857846186184616
0.044821661053683196
0.04478555807916378
0.044749536959564726
0.0447135973933652
0.044677739080574756
0.044641961722723764
0.044606265022853614
0.04457064868550671
0.04453511241671722
0.044499655924001215
0.04446427891634724
0.04442898110420701
0.044393762199486014
0.044358621915533865
0.04432355996713583
0.04428857607050307
0.04425366994326384
0.04421884130445445
0.0441840898745104
0.04414941537525733
0.044114817529902504
0.044080296063025874
0.04404585070057154
0.04401148116983903
0.04397718719947511
0.04394296851946471
0.04390882486112334
0.04387475595708788
0.04384076154130933
0.04380684134904333
0.043772995116843245
0.043739222582551356
0.043705523485291164
0.04367189756545931
0.04363834456471751
0.043604864225984974
0.04357145629343072
0.043538120512465354
0.043504856629733954
0.043471664393108074
0.04343854355167847
0.043405493855747386
0.043372515056821354
0.04333960690760349
0.04330676916198638
0.04327400157504494
0.043241303903028744
0.043208675903355344
0.043176117334602915
0.043143627956503235
0.0431112075299345
0.043078855816914834
0.04304657258059484
0.04301435758525102
0.04298221059627906
0.04295013138018695
0.04291811970458811
0.0428861753381949
0.04285429805081223
0.0428224876133307
0.04279074379772005
0.042759066377022856
0.042727455125348236
0.042695909817864974
0.04266443023079595
0.04263301614141104
0.04260166732802158
0.042570383569973745
0.042539164647642486
0.04250801034242556
0.04247692043673741
0.042445894714003014
0.042414932958652035
0.04238403495611326
0.04235320049280779
0.0423224293561442
0.04229172133451195
0.04226107621727602
0.042230493794771416
0.04219997385829696
0.042169516200109995
0.042139120613420636
0.0421087868923861
0.042078514832105715
0.042048304228614865
0.042018154878879714
0.04198806658079193
0.04195803913316329
0.041928072335720164
0.041898165989098374
0.041868319894838135
0.04183853385537832
0.041808807674051755
0.04177914115507995
0.04174953410356786
0.04171998632549884
0.041690497627729896
0.04166106781798616
0.04163169670485649
0.04160238409778796
0.04157312980708173
0.04154393364388714
0.041514795420197946
0.04148571494884664
0.04145669204350047
0.04142772651865591
0.04139881818963467
0.04136996687257852
0.04134117238444495
0.041312434543002534
0.04128375316682611
0.04125512807529268
0.04122655908857632
0.041198046027644354
0.04116958871425233
0.04114118697093992
0.041112840621026596
0.041084549488606834
0.04105631339854642
0.04102813217647762
0.041000005648795065
0.040971933642651726
0.04094391598595431
0.04091595250735958
0.04088804303626952
0.040860187402827916
0.04083238543791574
0.040804636973147394
0.0407769418408664
0.040749299874141644
0.04072171090676319
0.0406941747732384
0.04066669130878795
0.04063926034934194
0.040611881731536195
0.04058455529270786
0.04055728087089215
0.040530058304818296
0.04050288743390576
0.0404757680982606
0.040448700138671245
0.04042168339660556
0.040394717714206704
0.04036780293428935
0.0403409389003364
0.04031412545649509
0.04028736244757351
0.040260649719037145
0.040233987117005106
0.0402073744882468
0.04018081168017822
0.040154298540858745
0.04012783491898753
0.04010142066390006
0.04007505562556488
0.04004873965457994
0.040022472602169464
0.039996254320180634
0.03997008466108017
0.03994396347795086
0.03991789062448884
0.039891865954999516
0.03986588932439508
0.039839960588190976
0.039814079602502626
0.03978824622404235
0.03976246031011638
0.03973672171862139
0.039711030308041725
0.03968538593744597
0.039659788466484214
0.039634237755384785
0.03960873366495116
0.03958327605655923
0.03955786479215409
0.03953249973424712
0.03950718074591284
0.039481907690786355
0.039456680433060255
0.039431498837481475
0.03940636276934882
0.0393812720945097
0.03935622667935777
0.03933122639082955
0.039306271096402015
0.039281360664089666
0.03925649496244179
0.03923167386053943
0.039206897227993254
0.039182164934940186
0.03915747685204103
0.03913283285047773
0.039108232801950776
0.03908367657867631
0.03905916405338372
0.03903469509931291
0.039010269590211734
0.03898588740033333
0.038961548404433666
0.03893725247776878
0.03891299949609252
0.038888789335653776
0.03886462187319406
0.03884049698594523
0.038816414551626266
0.03879237444844173
0.038768376555078796
0.03874442075070505
0.03872050691496559
0.0386966349279813
0.03867280467034608
0.03864901602312426
0.03862526886784893
0.038601563086518735
0.038577898561596116
0.03855427517600494
0.03853069281312791
0.03850715135680471
0.03848365069132911
0.03846019070144723
0.03843677127235535
0.03841339228969693
0.03839005363956147
0.038366755208481255
0.03834349688343004
0.03832027855182008
0.038297100101500524
0.038273961420755044
0.03825086239829985
0.038227802923281116
0.03820478288527349
0.038181802174277524
0.03815886068071776
0.038135958295440545
0.038113094909712084
0.03809027041521637
0.03806748470405297
0.03804473766873525
0.038022029202188244
0.0379993591977465
0.03797672754915236
0.037954134150553646
0.03793157889650211
0.03790906168195101
0.03788658240225353
0.037864140953160645
0.0378417372308192
0.037819371131770134
0.03779704255294638
0.03777475139167119
0.037752497545656016
0.03773028091299882
0.03770810139218225
0.03768595888207144
0.03766385328191273
0.03764178449133131
0.037619752410329804
0.037597756939286034
0.03757579797895171
0.0375538754304504
0.037531989195275624
0.03751013917528946
0.037488325272720266
0.03746654739016143
0.03744480543056948
0.03742309929726211
0.037401428893916885
0.03737979412456918
0.03735819489361078
0.03733663110578786
0.037315102666199584
0.03729360948029639
0.03727215145387826
0.03725072849309313
0.037229340504435146
0.03720798739474324
0.03718666907119926
0.03716538544132658
0.03714413641298847
0.03712292189438629
0.03710174179405804
0.03708059602087716
0.03705948448405029
0.037038407093116
0.03701736375794352
0.03699635438873078
0.03697537889600326
0.03695443719061201
0.03693352918373263
0.03691265478686356
0.03689181391182427
0.03687100647075447
0.03685023237611197
0.03682949154067151
0.03680878387752325
0.03678810930007154
0.03676746772203294
0.0367468590574353
0.0367262832206161
0.036705740126221055
0.03668522968920271
0.03666475182481907
0.03664430644863212
0.03662389347650642
0.036603512824607956
0.03658316440940246
0.036562848147654314
0.036542563956424766
0.03652231175307126
0.03650209145524539
0.03648190298089197
0.03646174624824769
0.03644162117583954
0.03642152768248386
0.03640146568728465
0.036381435109632626
0.036361435869203526
0.036341467885957365
0.03632153108013665
0.03630162537226525
0.03628175068314731
0.03626190693386586
0.03624209404578148
0.03622231194053119
0.036202560540027136
0.036182839766455456
0.03616314954227501
0.03614348979021592
0.03612386043327893
0.036104261394733564
0.03608469259811726
0.036065153967234316
0.036045645426154224
0.036026166899211044
0.03600671831100185
0.03598729958638571
0.035967910650482555
0.03594855142867186
0.0359292218465917
0.03590992183013754
0.03589065130546091
0.03587141019896873
0.03585219843732168
0.03583301594743336
0.035813862656469075
0.035794738491844835
0.035775643381226345
0.03575657725252749
0.03573754003390958
0.03571853165378043
0.03569955204079278
0.03568060112384372
0.03566167883207317
0.0356427850948635
0.035623919841837576
0.03560508300285833
0.0355862745080277
0.03556749428768536
0.03554874227240761
0.03553001839300689
0.03551132258053017
0.035492654766257986
0.03547401488170409
0.03545540285861351
0.03543681862896219
0.0354182621249557
0.035399733279028525
0.035381232023842864
0.03536275829228749
0.0353443120174772
0.03532589313275162
0.035307501571674046
0.03528913726803097
0.03527080015583062
0.03525249016930231
0.03523420724289554
0.0352159513112788
0.035197722309338764
0.03517952017217948
0.0351613448351212
0.03514319623369976
0.03512507430366537
0.03510697898098202
0.03508891020182617
0.03507086790258618
0.035052852019861316
0.035034862490460825
0.03501689925140316
0.03499896223991481
0.03498105139342988
0.034963166649588685
0.03494530794623742
0.03492747522142686
0.03490966841341171
0.0348918874606498
0.034874132301801045
0.03485640287572674
0.03483869912148852
0.03482102097834803
0.034803368385765365
0.034785741283398806
0.034768139611103935
0.03475056330893236
0.03473301231713139
0.03471548657614314
0.03469798602660338
0.03468051060934131
0.034663060265378194
0.03464563493592676
0.03462823456239074
0.03461085908636347
0.03459350844962757
0.034576182594154084
0.03455888146210138
0.03454160499581509
0.03452435313782635
0.03450712583085193
0.03448992301779299
0.03447274464173445
0.034455590645944285
0.034438460973872494
0.03442135556915114
0.03440427437559221
0.03438721733718834
0.03437018439811135
0.034353175502711504
0.03433619059551675
0.034319229621232586
0.03430229252474038
0.03428537925109755
0.034268489745536146
0.034251623953462644
0.034234781820457215
0.03421796329227242
0.03420116831483319
0.0341843968342361
0.03416764879674806
0.03415092414880641
0.0341342228370174
0.03411754480815636
0.03410089000916649
0.03408425838715818
0.034067649889408726
0.03405106446336133
0.034034502056624165
0.034017962616970626
0.03400144609233768
0.03398495243082579
0.03396848158069804
0.033952033490379535
0.0339356081084569
0.03391920538367735
0.03390282526494826
0.03388646770133642
0.03387013264206758
0.033853820036525435
0.03383752983425155
0.03382126198494421
0.033805016438458076
0.03378879314480355
0.03377259205414597
0.03375641311680542
0.033740256283255554
0.03372412150412356
0.03370800873018899
0.03369191791238351
0.03367584900179044
0.03365980194964362
0.033643776707327384
0.0336277732263757
0.03361179145847153
0.03359583135544639
0.033579892869279614
0.033563975952098014
0.03354808055617501
0.0335322066339304
0.03351635413792935
0.03350052302088212
0.033484713235643726
0.033468924735212756
0.0334531574727312
0.033437411401483964
0.03342168647489813
0.0334059826465425
0.03339029987012699
0.03337463809950208
0.033358997288658356
0.03334337739172581
0.0333277783629736
0.033312200156808934
0.03329664272777744
0.03328110603056151
0.033265590019980855
0.03325009465099127
0.03323461987868444
0.03321916565828705
0.033203731945160804
0.0331883186948016
0.033172925862838834
0.033157553405035296
0.03314220127728634
0.03312686943561964
0.03311155783619436
0.03309626643530099
0.033080995189360494
0.0330657440549242
0.03305051298867316
0.033035301947417266
0.033020110888095346
0.033004939767774535
0.03298978854364933
0.03297465717304189
0.032959545613400705
0.03294445382230076
0.032929381757442734
0.03291432937665278
0.032899296637881645
0.03288428349920459
0.032869289918820745
0.03285431585505274
0.032839361266346
0.03282442611126861
0.03280951034851059
0.032794613936883564
0.032779736835320414
0.03276487900287458
0.03275004039871956
0.03273522098214893
0.032720420712575415
0.03270563954953062
0.03269087745266462
0.03267613438174542
0.03266141029665862
0.03264670515740695
0.032632018924109836
0.03261735155700273
0.032602703016437175
0.03258807326287998
0.03257346225691279
0.032558869959231955
0.032544296330647794
0.03252974133208439
0.03251520492457899
0.03250068706928172
0.03248618772745518
0.03247170686047386
0.032457244429823964
0.03244280039710266
0.032428374724018286
0.03241396737238912
0.03239957830414357
0.03238520748131966
0.0323708548660644
0.032356520420633784
0.03234220410739186
0.032327905888810925
0.03231362572747059
0.032299363586057915
0.03228511942736639
0.032270893214296145
0.03225668490985309
